.Random.seed <-
c(10403L, 10L, -1666114762L, -1202321039L, -1493425245L, 29291250L, 
-1368911292L, 1777351943L, -1613249315L, -298307116L, 589599994L, 
1837419589L, -1690280801L, 331890214L, -1381287248L, 315434835L, 
-1893064079L, -722309216L, -1689467074L, -194654647L, -1179178245L, 
-395748662L, 1830046764L, 338400303L, 691846373L, -1539426916L, 
-1633830926L, -1346723219L, -931862617L, 1096931790L, 359034664L, 
-2136906453L, -665204919L, -1737880488L, 880572678L, -293796639L, 
11150451L, -2013581086L, 1125226580L, 134331735L, -1097904819L, 
848826596L, -1079571254L, -323198667L, -555325553L, 959853718L, 
1809513536L, 314453251L, 897655073L, -2142262768L, -8801810L, 
-115137127L, 1231110699L, -1582943462L, -1853290020L, 1654046687L, 
1418479541L, -805379764L, -873125982L, -2136453379L, 903110647L, 
823503134L, -499936296L, -1174506181L, -1723247911L, -1033122200L, 
68636566L, -1524975L, 1521587395L, 1667341522L, -1945269916L, 
-1544950617L, 1382896125L, -68289548L, -1448954662L, 1591514661L, 
-38483137L, 705308870L, 2103256400L, -1602417293L, 1430394769L, 
1472178624L, 166898590L, -612625047L, -303002213L, -1137913686L, 
-735220020L, -1310437489L, 974216133L, 969080700L, 525598674L, 
123703117L, -2137461241L, 1700965870L, 322050248L, -888481845L, 
679731753L, 930340984L, -1229849178L, 465971137L, -388686765L, 
975958786L, 1707693620L, 1361499063L, -863611987L, -1626203964L, 
1680628970L, 1550553941L, 1192117487L, -1214428426L, -1138428384L, 
452783075L, 1373675649L, -1727078672L, 557944206L, -305487111L, 
-1742217077L, -1708857158L, 868309948L, 593092863L, 95470677L, 
-1355198612L, -1913724990L, -1097795555L, -2108798825L, -151071234L, 
1640809912L, -547780197L, -671641607L, 2092914504L, -1689128330L, 
-686175311L, -759335453L, -1312470350L, 696215300L, -1693025209L, 
11082525L, 1994375572L, 403498298L, -1266796155L, -333964705L, 
1768340710L, -494850192L, -2133938029L, 1750564145L, 352832480L, 
-1637828482L, 1376764681L, 1849361723L, -1217734390L, 17377516L, 
-1743940241L, 1142864549L, -2105404324L, 2102342706L, 882758445L, 
-1420129817L, -72624882L, -196318488L, 874734827L, 2041167241L, 
67247384L, -1659731898L, 1174890657L, 997732147L, 266002082L, 
1498369428L, -1250028521L, -623594483L, 1969447204L, -1898935030L, 
109243509L, -1167996977L, 1640433878L, 1053558912L, 89904835L, 
-1031847839L, 9867472L, 745245230L, 1435024345L, 1507148779L, 
-1268440486L, 684225564L, 809840927L, -801996427L, -1670774772L, 
-1718162974L, -1543548227L, 1821945143L, 1365242334L, -762570984L, 
-24396165L, -2080748519L, 384654504L, 935663190L, -280087855L, 
347308675L, -1374201582L, 1535564964L, 1233775719L, 181429693L, 
48486196L, -144571238L, -933811483L, 1159132287L, -1074934266L, 
255097232L, -490716109L, -1998337071L, -2039185024L, -590975906L, 
-25670743L, 167064155L, -191707542L, -1630811380L, -318948017L, 
471270917L, 1027992764L, 1032236434L, -1269643635L, 677854407L, 
-1730618962L, -1404075000L, -659638261L, 1306094825L, 749718456L, 
1767879782L, -791227135L, 1778004883L, -307775252L, 2014576188L, 
-773102734L, -1811102096L, -2145768412L, -838967496L, -1780809574L, 
1095190224L, 1506288828L, -800142700L, -763798910L, -992554816L, 
-1522473668L, -183662448L, -2116288990L, 1372224008L, -1415588596L, 
1313432220L, -321497582L, 1043345792L, 626827796L, -1986740696L, 
1568719162L, 1979882448L, -1572811156L, 9927476L, -1549585774L, 
-1095301792L, 225867084L, 1762255840L, -1857609822L, 918560680L, 
113897356L, 502086332L, 692263794L, 2013790448L, 1051692100L, 
-1119621800L, -1732358086L, -1696988304L, -1711532996L, 93956884L, 
-1068593726L, -347599648L, 274691964L, -158853424L, 917527202L, 
1412404264L, -1516633844L, 689540028L, 1322337586L, 667187136L, 
-1702484428L, -350344248L, 164127930L, 1586530192L, -1026676244L, 
1811059796L, 269064850L, -216061152L, -771087924L, 1587829728L, 
-512092478L, 83793448L, 989179564L, 1689798332L, 816234994L, 
-2091214544L, -271300444L, 2132261560L, 625106778L, 32603536L, 
-49255044L, -968912620L, -944558782L, -1232702720L, 723987388L, 
2015253328L, 1490003234L, -242669240L, 879365132L, 958807132L, 
-1592777518L, 82650112L, -1623840940L, 2042780136L, 2107259898L, 
-1636562224L, 1912866092L, -597173004L, -1602215022L, -7852960L, 
1522940172L, 1845205728L, 1133094242L, -1436567896L, -503611828L, 
-242871428L, -319250638L, -933469584L, 251138372L, -693598248L, 
-1126906758L, 2108303920L, 1630777020L, -1453699244L, 107986498L, 
558399392L, -2054054724L, -726134320L, 1127358818L, 1158408168L, 
618429388L, 260284156L, -1940356110L, 1185191040L, 504914164L, 
-2140245880L, 2087645498L, 589796176L, -24190868L, 560241812L, 
-1042635438L, 1944847072L, 568831180L, 1187212448L, -1365742206L, 
-1440449304L, -926315284L, 540297276L, -670385038L, 456408176L, 
1028637220L, 174593592L, 1783538202L, -1221790512L, 348292668L, 
1914966164L, -1931789182L, -59614272L, -1717391044L, 287153808L, 
899453986L, -1405231096L, -1409342324L, -1547860964L, 975384722L, 
1772610688L, 1337732116L, 1009301288L, 613816378L, 1002563792L, 
1177610348L, -764977484L, -1811633134L, 1323676640L, -678960180L, 
-465800736L, 412723234L, -951278296L, -60141300L, -1633320388L, 
758778098L, -1066545936L, 1275893572L, 942959704L, -1125202374L, 
-356871952L, -1740986692L, -151428588L, -1336496958L, -1861035424L, 
410820988L, -2109305648L, -583358430L, -1718139736L, 170004876L, 
-1912942148L, 518151218L, 519444288L, 399692468L, -1606910648L, 
-572250438L, 643453712L, -1569441556L, 1891302484L, 1679350546L, 
-2091631200L, -380856372L, 117891936L, -974345022L, -1518484952L, 
1934781868L, 752188220L, 300621682L, 1391681328L, 1095775268L, 
-1058541000L, 1296475866L, -454634608L, -738375428L, 663273876L, 
819737410L, 1079630336L, 1904014396L, 658496080L, -420498270L, 
512874312L, -629039604L, 1179504348L, 647827538L, 264028288L, 
-1732383916L, 2036454376L, 1711489786L, -1426690224L, 2100539436L, 
1276313972L, 845210258L, 1564226144L, -390474612L, 176104800L, 
2083072226L, -2126417752L, 1073728204L, 171996668L, 1434263474L, 
892472158L, 1061564428L, 1102929885L, -1908118809L, 1889420048L, 
-1058563538L, 1567178971L, 550403517L, -1902736598L, -1449557048L, 
1107984625L, -1036157341L, 1299466852L, -1354028654L, 1500333671L, 
1174226481L, 135560054L, 1819938964L, 1205493413L, 2109557679L, 
-33937304L, -441025466L, -626312717L, 50513237L, 1876234034L, 
852460288L, 1957095401L, -1438696869L, -806001492L, 775305914L, 
768290927L, 1352257017L, -2010261362L, 784445788L, -1175598643L, 
932457783L, -74580032L, -1060734818L, 602873195L, -1952135955L, 
984708442L, 47281688L, 2094572417L, -1478002381L, -1912088748L, 
-897994398L, -721307145L, 387971649L, 224267974L, 1822887940L, 
-1264910411L, 155857055L, 191065336L, -1656122154L, -388610717L, 
1055224101L, 695477954L, 1193730992L, -518012967L, -1330251445L, 
1709604796L, 42325994L, 1064370207L, 933365417L, -955622850L, 
1216309036L, -267107971L, -41427001L, 740271792L, 1176044750L, 
-1833275909L, 239474269L, 910123402L, -860431960L, 803690257L, 
-22698493L, -643161852L, 652956978L, -1070857337L, -1101622831L, 
-428004522L, 598057268L, 1070841925L, 563054735L, 1500046856L, 
339888678L, -523380013L, -1224692683L, -289082478L, -1892478112L, 
1619013321L, -2069114373L, -1367114292L, 487197786L, -1772736177L, 
-263925735L, 1244329518L, -921199556L, 904255917L, -318006697L, 
-2134764640L, -1907771138L, 1046875083L, 1368722893L, -206782214L, 
-186727624L, -1244208927L, 1230812051L, 1872770996L, -767251262L, 
-248135465L, 1457192225L, -1438421786L, 812509668L, 273261845L, 
1056062783L, -1428983592L, -1247170314L, -748696829L, 1076886597L, 
1308382306L, 1537303504L, 85313785L, 794018347L, -1144148580L, 
1905825226L, 1311491775L, -1123670007L, 141515038L, 1891867852L, 
1077393565L, 1030520103L, -720122032L, 104923630L, -642390373L, 
-905115395L, -403173398L, 570603656L, 1481213489L, -1120141149L, 
560739492L, 1084839250L, -1955192665L, -2102561551L, 1151820854L, 
-388584236L, -578662299L, 873585263L, -1650125656L, 896692742L, 
